107 7833120.288881487
1684 5506573.3738165805
3437 3849012.3031429723
1912 3737836.4245135784
1085 2429155.5167209497
0 2384992.2261587773
698 1880048.4929643974
567 1569993.8111882585
58 1375189.9667493617
428 1048328.135551514
563 1023405.9931014831
860 942643.5852209158
414 776490.9519614921
1577 648546.62927401
348 619422.4142640515
1718 608741.2961269795
686 484508.7325036319
594 469532.6273619382
136 438024.64426045027
3980 404601.4452380947
1465 400555.52246930124
171 252548.0218434962
862 191505.29494588223
483 168039.2280312354
2543 123966.10662034855
3830 104931.19516049097
376 100997.74780310258
1666 100657.39043897051
1420 98730.76987849196
1534 96968.53902271362
713 81737.45642066092
475 81482.4936001693
1405 66789.51705173292
828 64605.09026851976
1505 61651.46538073366
745 59272.079864100204
173 59190.47208396604
34 58719.10102550902
719 53517.89153188497
2347 52162.457290486316
1165 51530.88860185501
805 49758.616069595184
484 47249.37356181035
747 44256.84181740139
1171 40949.76829328015
830 38658.283499227386
703 37165.44768719433
353 34894.696762858286
1361 32567.801612738393
697 32025.667034170914
596 31230.697901843218
823 30729.213613018735
3756 30263.977601118553
389 29609.7438930073
526 29264.200018203173
566 29137.11120988669
1941 28154.09096084045
4031 27877.399999999958
2266 27839.870285558663
1642 27423.102451296025
517 27276.95164167173
198 27107.250849264896
3877 26848.685607774056
651 25946.335544685142
3684 25839.890929345784
119 24825.996186300603
637 24746.27009805519
1656 24536.347990772087
2047 24063.063802036955
363 23679.94185213581
580 23492.291782983066
1419 23290.413693220573
2007 23200.227313153096
2542 22121.39457491808
3495 22069.797593216175
3561 21609.88823313661
1758 21312.450363174998
3633 21291.373195352215
538 20939.50611706083
803 20653.26209110818
2468 19771.642208208315
3851 19331.94030847865
366 19170.16028310739
3456 18964.866934329864
3948 18786.884484861162
3677 18600.204207068997
990 18135.15633809138
1352 18109.065114186375
1663 17933.358970809455
810 17727.459071462046
56 17688.096617390715
2289 17685.57900678576
800 17410.064748554472
2133 16513.9306347535
819 16468.74533490244
2189 16347.279840234669
606 16255.449726219802
774 16096.562133317966
322 15706.593353633201
1173 15363.744143281681
21 15291.116329069324
2268 15208.01708098367
1126 14946.55837419674
67 14864.470814599
3861 14783.520274286999
1687 14777.833801464321
1726 14144.456582075944
412 14138.776682039901
1621 14056.512614235751
373 13986.540321502616
1835 13383.47729257299
2117 13031.346970744307
3674 12947.666699849975
1376 12894.802985880491
3173 12714.982390738096
3577 12401.356068670102
925 12330.518705613587
1553 12306.739544992548
3592 12167.783482435087
122 12157.198130734918
419 12113.006645642357
798 12097.654892877044
3525 11964.435032928806
916 11678.884800517011
1074 11547.32368602694
420 11392.197547296408
3454 11284.320507655335
1317 11190.568534534399
1954 11103.354165203336
1536 11083.51132109186
553 10926.588227302074
1450 10891.681853065336
315 10711.098858183417
840 10337.469072903108
1029 10291.892456955135
1522 10279.952306157196
1483 10274.770616347792
460 10126.663730548906
708 9963.422997937569
3501 9942.045256452457
1086 9840.955931379447
1289 9685.13086419147
395 9622.229824598508
304 9599.786683911654
3440 9591.084138784512
2199 9515.31001563242
609 9455.763280774026
2143 9232.67128396055
497 9214.2786356038
1593 9021.481345297427
1688 8968.380420240037
2642 8928.594156484134
1847 8843.92744141503
2283 8815.31792379297
1193 8764.908291391634
3962 8760.203522026532
1334 8719.841255552428
641 8715.791150117462
1098 8706.552955784937
1070 8691.129022367732
2038 8610.559234985976
1136 8497.653354725298
1509 8280.223130745897
1926 8194.895008412204
856 8153.862420309601
285 8134.173440713424
3989 7963.333333333321
3797 7951.7692354266665
3540 7946.3913001855335
513 7854.516383434301
772 7698.288521846305
213 7631.173491886779
3750 7562.342201115477
1537 7465.957352226248
2081 7418.470618684222
2384 7326.745766132488
1617 7304.981803025242
3721 7244.679751729822
2512 7182.888253339137
3550 7152.203327809288
1338 7110.223494839095
3872 7082.113083940423
3651 7076.2047100666205
601 6961.256868406631
1540 6880.351675473052
3886 6847.686131062749
1702 6784.42941522778
391 6722.436299685917
2111 6721.597087163534
500 6677.356982684731
169 6556.4332971732965
422 6286.530321443477
908 6283.435767228376
525 6276.858826802524
921 6224.589681154916
3556 6025.692478584599
857 6011.922935705689
2054 5907.562121386839
804 5902.895237515588
2176 5836.052544286127
3692 5832.431560506669
3101 5825.4478056551425
324 5820.815475740641
370 5677.944554894009
2328 5608.20906611037
465 5450.327957838503
339 5340.561871660655
1590 5306.337076555426
561 5259.518602392227
456 5218.835095458612
590 5068.538515106905
2333 5066.904947347268
1806 5017.144243479311
917 4993.651590264154
1369 4925.109409155275
3263 4824.326339553299
2292 4811.5934725133775
2128 4774.970147921739
1178 4769.3670994398535
3943 4753.030559698783
559 4724.264257565081
374 4717.6557787046495
400 4643.252404832369
542 4590.464907368371
1360 4505.580738314428
1518 4489.736765506069
2325 4480.7380842205985
3487 4477.811032385915
1312 4476.658531003925
1555 4473.575230117965
2302 4343.8729356808035
1574 4334.488986326075
1584 4303.988216431954
1523 4297.303043196263
2247 4212.470668379434
2869 4204.210186263195
2072 4172.102395926389
436 4074.888073167314
2336 4026.0715838875435
2510 3979.4170736964197
492 3974.0429064867035
1217 3960.4028826513777
1028 3927.5400566759927
1549 3916.035756986137
2031 3879.7472118323553
2498 3867.8563444628417
402 3819.7279953500556
1274 3815.8163528646473
531 3789.77957487765
2327 3773.2379569246036
2511 3704.755806697938
423 3623.0872963127317
2419 3621.61771205219
2472 3613.6151633215954
2102 3581.6098142442243
2032 3528.7042100356543
2598 3522.917243481259
1782 3520.249736594952
360 3513.9007741140404
2398 3507.8098992744303
2132 3496.738964144777
431 3492.684086388795
1513 3492.6098089611187
461 3447.820169559997
2068 3442.6485551230085
1182 3435.8228596051686
387 3393.434127012059
2282 3360.0295565016163
1109 3352.1563090099708
1545 3343.892934656061
2509 3274.9875126461375
2174 3260.528276762652
1909 3215.086620012908
520 3208.321502623243
1825 3199.3257415864205
503 3168.3681728300003
1226 3155.0691023600966
2491 3121.9969876650675
1358 3121.5888948641987
1783 3080.9802306006573
504 3075.9377648945265
1237 3016.568934617474
1911 3004.7757518913795
1327 2979.014516599502
308 2899.0170959513725
3723 2886.2626123254654
1945 2855.1462145512987
1863 2847.428245668869
2451 2845.542793536937
524 2807.000509959504
2617 2796.8993152228095
463 2776.4421493204945
7 2776.1047235385076
3385 2702.1571583082937
156 2694.202528240813
1618 2656.5529246409683
3741 2647.231831682339
1197 2645.606037716775
2087 2614.7891863474415
2629 2612.862033704609
80 2601.7324750379717
515 2585.774771725324
2417 2581.1501533079727
417 2557.0415426940426
1077 2534.1016890469546
507 2520.0929930615234
1431 2513.4048889949395
2368 2506.3902671856185
1800 2491.212509939084
439 2454.8224081363674
2026 2451.009347244243
2071 2449.5741675420677
2399 2444.949609668267
1511 2420.397333145124
455 2407.463998984521
3111 2398.4000511322215
2223 2392.0475679078677
1307 2342.9126487705907
2250 2327.2983411218265
604 2323.070258043015
146 2304.2755830868296
2501 2297.0769743357087
2461 2286.2759269523776
1846 2257.1107991568642
3258 2247.76525657355
1425 2235.670442782571
2344 2228.8071004879903
1730 2228.095453520283
1485 2208.203535368572
645 2198.455426486405
2319 2193.008115374513
930 2191.2199301836586
2313 2186.309055433426
2138 2180.9932485639383
1985 2159.0590654792186
438 2116.242706186675
2471 2111.183356815264
1088 2107.974749499954
2153 2106.9486299988585
1626 2097.2521039860835
3961 2083.9622152770494
3609 2069.247777014723
2203 2054.467740258105
1866 2050.8290963975564
2127 2037.2551445289994
397 2020.7744875273295
1947 1987.3482637196298
506 1977.9404952943491
388 1946.921885849841
3020 1932.273810843145
1888 1930.6248957654354
1620 1913.5356943398056
2116 1891.9329898957237
1458 1884.021941305193
1320 1878.1682092257097
2187 1874.0476385035756
3265 1863.7571883820508
2233 1861.4002432657167
2951 1860.8429985396303
432 1842.789446698958
1013 1839.2298309809003
1768 1825.8700584601395
452 1821.7022467970482
378 1813.2112712585015
591 1809.5976852545114
1408 1797.88203193443
951 1768.5822710294924
1964 1763.3142942110298
434 1761.054832965836
3019 1757.6482905867379
2394 1745.0478304250414
1959 1733.0348668163485
683 1724.8704803760322
1692 1716.8395801893869
2529 1716.3727875286754
2183 1715.6906974473213
2294 1714.6074733771395
2279 1705.8747287483018
2458 1694.7790977573598
1328 1679.9602590595453
1939 1672.7531181212955
269 1660.3283080898696
1972 1650.2254279524418
1813 1647.2044961691538
1128 1638.714556734325
2224 1615.4168954233835
2730 1614.9694814976485
769 1612.0892188281293
915 1601.724001973698
1494 1592.6238401728085
3248 1584.8540110989788
2616 1577.7813104744125
2389 1577.7759261061963
1604 1573.2290267640067
1440 1564.8267675190793
2594 1559.4437471174965
408 1554.4037162878535
150 1552.6859224109128
2155 1550.7208874968076
2062 1542.0056685675909
103 1535.436080113949
546 1535.3409241552642
404 1535.1402393110855
544 1533.4888710634737
2863 1531.2150359436491
3100 1520.6352148391995
1435 1514.9777103829474
2649 1512.8936220987812
3406 1506.2167206071208
2042 1490.92155661067
2264 1473.2019535281459
2142 1465.8677689053688
2364 1462.5855914761305
556 1457.0741550676712
896 1449.7746861831683
1277 1443.455878191533
962 1428.1885625251166
1883 1418.691348726563
1973 1410.1246345373088
1745 1409.946450132293
1622 1403.24108787764
2533 1399.7591671343996
1114 1393.5627101586417
1612 1392.4756985770055
3154 1389.1274626092304
946 1387.4958711582804
1827 1370.4320610001985
1995 1349.864553763267
1238 1348.2208454608024
405 1344.667212726461
2475 1342.6884146679317
1210 1333.0756738722994
2171 1327.0444410932323
2724 1314.8747588299846
392 1308.3413007802749
527 1307.2406092030449
2508 1293.1444175109518
3397 1288.9887494060376
472 1284.933851991982
1761 1283.418985420869
1472 1280.1534343501776
1951 1277.2064634965282
416 1274.8934255076094
2547 1274.1593224495687
1808 1273.8542126169705
2003 1267.0455365658129
350 1265.4200783295419
3291 1264.2242091168905
1487 1262.1653803916697
2608 1246.5954663376208
457 1240.639847443653
514 1233.06939383292
427 1225.6631119976173
516 1224.7412995134962
1852 1223.9393612326292
554 1220.3694793568934
1377 1215.4653507459118
2284 1199.1916038225056
1480 1193.824037715653
2267 1192.9881358587106
1567 1181.043134139275
2592 1169.9967658475434
1598 1169.424424460365
369 1165.5008271905815
1104 1159.056715936571
2463 1152.0878932392511
1778 1149.5200504265185
1746 1146.9184198285193
469 1146.8641717076916
2643 1116.7309138229166
1199 1110.8871647610886
3604 1108.9016227779985
2385 1104.9458813478059
2597 1091.6291114586238
1374 1081.763058659529
1446 1077.2792154989793
2001 1076.4319171170018
629 1071.1049200104558
545 1070.0077746082554
2538 1068.9757810016522
1473 1066.3653338857791
2640 1053.7008635054626
2254 1050.8740514429835
1780 1048.6564696651142
1025 1048.3414857931657
2149 1047.1192979796929
1421 1041.666016198686
1769 1041.0580773081426
3090 1036.3885766531314
1329 1029.3577702768437
1630 1028.8438581723185
3280 1027.542464630122
510 1027.2972013616593
2716 1020.9674110993107
2180 1019.5613269115617
3302 1018.272584294264
508 1016.3386566191059
1204 1010.8375631705791
1955 1010.4525494936496
537 1009.5812225139341
3320 1003.6581754044794
2459 988.57292084017
1948 986.5475886806008
2588 986.0127950927002
2555 984.6884293381044
2039 969.4203082131556
415 968.664798136193
634 967.7853551361156
2018 965.6682027143495
1591 965.2453201902564
1146 962.7717772029474
2004 961.0845629051901
2225 955.1506992505978
2502 952.0926721244175
3233 940.2725227391733
2839 938.6524880653246
1179 937.9543373890089
2754 937.6125398598736
2567 933.7935846368889
1998 924.0433234097212
1705 922.8361053463129
1991 919.5695100052985
2024 905.8710193913845
1196 905.3091326325161
3186 903.1851381801528
2647 902.8870336017383
649 901.227278464532
2101 897.6838944706835
630 890.7233649519051
1794 889.2206962185834
1528 888.800323304887
3051 887.251083388449
3366 880.253769134936
444 880.2292104909735
1471 878.9909431313456
25 878.333308180246
1512 872.2286964220976
2053 871.1268606087575
3363 869.1530473189149
1559 867.8644435602779
1175 867.7209939185832
2526 861.4228293660094
1588 859.3689346345924
3426 856.5902235474091
1235 854.9657200888965
1916 853.103859810228
473 850.1397670639634
3002 847.42457122048
1740 842.6707065211518
3521 842.5553885227257
1467 842.190326654116
479 841.6352411983721
1221 840.9705607662543
1014 840.6898944348428
1836 838.7411000423397
3596 835.49708872962
2324 833.6394382830632
3168 833.6158834243445
3201 832.2144085281577
1410 828.6046204518491
1427 825.8155789286952
357 821.7205619488973
3330 812.7415089632264
3140 812.3420051041927
1390 810.5684432920776
3198 808.3494783423829
3256 804.3717005049659
1589 803.7085051771702
2125 802.3634021735154
1187 798.8727265508311
1367 795.4964180960569
1078 794.7836666812715
1192 794.376752154745
3214 792.2321249139692
2447 785.7419577789474
2560 774.2724924072895
2589 774.0349181453656
3082 772.6330245747171
1976 771.9508136089482
3117 766.7527858409658
1844 765.9439074467286
1399 764.674481206998
2742 763.8077425693527
1881 760.8179493002021
87 754.0808231501335
3162 753.0326423293541
2946 744.7081433146244
1803 744.4509600530217
3179 742.5122460622433
1475 741.83055704042
471 736.96990106554
1222 736.6098388673878
3304 734.461559192903
120 729.260188842934
3136 727.4575658104751
1305 726.3067280816499
2583 726.1876941857107
1313 721.7992867060427
1804 720.6525884875691
1049 715.6960337630367
518 713.5934630012923
3545 708.4702763619722
2144 705.2483017124558
523 701.8250477380909
2194 701.1144466626989
2378 697.7044646101789
993 695.1569196066852
953 692.3039859660939
2494 682.6171548413145
1674 681.0452688089672
1124 678.0262710830328
2436 678.0026909615661
3331 675.6796834714577
2246 670.9226883894656
1613 669.0414486589895
2904 668.7466214364127
646 667.8330153168288
1391 664.4074762226451
1932 663.2020683042102
1786 663.1212991539136
1343 661.7645716982847
2659 661.663955845032
2445 660.9501837294882
2278 660.8653203109251
496 660.389082730761
1920 659.1055418513163
451 658.6746515558242
3005 655.5813129324498
2009 653.4034379949507
3011 651.9729531474721
1075 650.8794602433696
1255 648.7329927135676
1833 645.0658864161844
2065 644.1503660359892
967 643.7751806465558
3274 642.8737317810477
1080 641.4801963698366
277 640.1537092897137
1637 638.6252129809334
1052 637.449696907654
3038 636.3931148532064
3289 635.3916047867318
2027 632.8327005036954
246 623.0664759447319
2343 623.0378220582573
2148 622.5952344203265
3116 621.3836595446546
3938 620.8686739445822
1155 620.3479573210068
3027 619.6013110884455
549 619.178182146603
2901 618.7416041393884
1610 617.736988601492
3342 616.0881160337925
1703 615.9926449146534
2135 615.4113477693346
2764 614.6280206605439
2611 614.5852970246995
3077 614.0565404500483
3360 613.1578266216333
2660 611.3335404910665
2780 610.5951880862387
1447 609.7259244244632
1211 605.493673266657
995 605.3630311495441
1557 605.3447666295399
2778 599.3843219581411
3386 598.6697150288821
1861 595.3850017601046
1373 593.93323773308
3150 592.129330357669
3097 590.8827686574479
2636 589.2881352211747
430 588.3879996582201
1110 587.0656050092291
1707 586.788263810189
1048 586.1140660824839
3327 582.8234208952902
1529 582.0747930383657
480 580.3314539905315
1300 580.1131106104949
570 579.4669556781918
1683 579.0059358473177
1469 577.0368807607068
705 574.3679033583378
512 572.9277917635161
678 572.7588735805122
2738 572.5250225460456
2229 571.6301307001684
2748 569.7197456824246
1714 568.5786323131631
1791 565.3458133269121
3152 563.368317517414
968 560.1541268394668
2979 559.7631631525697
3034 559.3819254982084
2944 556.809788076455
3076 554.6442171138584
1680 554.5919323081511
3185 554.46673350111
2372 552.2435550043231
3434 549.2265034238499
2653 549.0599355332097
1551 543.5491578747907
2137 542.979611435248
2241 541.4019113014122
1694 541.3629209961233
2693 537.4401424512878
2332 535.5889335647738
2976 532.0690677001381
2719 529.5849966899759
1032 529.4246502733562
2239 529.0397659011713
3324 528.6860307263203
1709 527.1056196144376
1554 526.2990550245124
776 524.3368744001098
2377 524.0207282755188
3017 521.9877117598846
217 517.935625485616
1059 516.6939452760246
482 514.5946580220435
3107 514.53915983198
1017 514.2531211563864
1828 513.481380186492
1899 511.10915822004904
2793 510.2206915674901
2126 509.94598322091804
1725 509.28414375147145
3072 506.18280324250895
1148 502.78806872396973
1893 501.9633117109215
1839 501.41310528628674
1897 496.16050659758366
980 495.48862389306356
2169 494.61293327189475
2883 492.11789092683915
1214 491.67614628240426
1459 489.57306969530686
1611 489.0181732658915
1366 488.19740094654185
3350 484.8357619447726
1845 482.74051266075105
2355 478.47201147206073
493 477.6280783846169
558 476.45149191398116
1322 472.54511359610734
2134 471.60934148035045
2037 470.03917303344616
1273 467.7955664245867
1409 466.0572058875372
2635 465.16678055081917
2781 463.937214857804
1160 462.9841104392096
1250 462.5842615938839
1729 460.32010300561745
2661 458.84486734550825
1790 457.6409919617312
1831 457.62322563057853
1675 456.6016734896793
3353 455.56891196768953
1345 455.52895631287015
1573 454.01324671276296
3295 450.5356199790507
407 450.04836576325846
271 448.20440074798853
2624 446.9939259014488
2707 445.59614518102796
2966 437.4753559063503
1817 435.2180288140454
1006 434.80070390232186
1460 434.19825458626394
3412 434.16904179459334
1184 434.06816206621437
2052 433.34288548420665
1515 430.3891870518429
3411 429.89722230143434
3084 428.13448622847693
1331 426.9372073453601
3035 426.28088763765794
1357 425.34151949422875
2813 422.68687093483715
2157 422.29753558969753
3026 419.87160091034093
913 419.5917610118744
2337 419.57327136313563
1736 418.7945151607068
1983 418.5025477288561
2309 417.93727167180566
2163 416.6577266000664
1661 412.8373115521423
1272 412.76986690450417
163 412.2712451778755
3705 411.90930049447906
3104 408.6701685334429
2351 408.28707440720274
1283 406.8670159304062
2877 403.11603439031774
2060 399.0223807311953
2694 398.5917099769764
3396 393.90758788547964
1720 392.34745055687796
3584 389.6348365486136
639 388.2103710179705
2232 387.371859278022
1639 385.3053031063401
1876 384.19981647281656
1717 383.84022564951556
2002 383.7019151729838
2915 382.18607017719887
2734 381.0440752438081
1871 380.6923683386055
2786 380.49910622998465
435 379.1133842896727
3335 377.4436932765123
927 376.91498809890686
1894 374.4067126501834
1330 374.27380446870393
1166 373.7806476923464
1864 373.4574253060807
2881 371.72276776205507
3232 371.4907444700905
1583 370.8849427395679
3087 370.8170468576775
367 370.69995732922587
978 370.67403685043587
3253 370.3765804042162
3680 370.31138325898394
1697 370.09363457513325
2571 369.81704844384484
1569 369.20871482588075
1600 369.03048790524724
1867 368.6090526826471
1488 368.5337720906502
421 366.4985594708216
3001 366.29835361920505
2677 366.20710095572537
534 366.1336398999627
2084 362.84421665949696
1256 361.42156352935655
1001 360.8203862019106
1799 358.74707675642
3365 358.59556814158213
3062 357.9355330776221
2683 356.8451108546901
1076 356.1415419820169
3321 354.0917898535426
3345 353.39275644147034
3060 351.96859563988687
1158 347.74532284234164
1275 346.9700392899043
3442 346.2175692153336
1966 346.19259623280226
2530 345.5825285326854
2890 344.83804002180324
2992 344.8252861236182
3672 344.29153089770324
2215 343.8898730273087
1437 343.4073139730259
2665 341.09828537324177
3079 341.0944024659324
2410 339.47746493515234
3918 336.7333333333334
1159 336.08937054595407
2298 335.7678571986523
1191 334.88706469061253
557 334.606782734809
2787 334.5475269054505
3930 333.1159285889429
1570 332.86607865528237
3240 330.0840574399132
669 328.7430042939751
1107 327.3655652225726
3838 326.6392869820615
1189 325.9197673859748
252 324.1605398829513
960 323.47896152741913
3793 323.1075550954035
1519 322.6026189959076
3299 322.50988708655797
2968 322.24605519752566
2056 321.93600659071103
3403 321.4544893349291
2999 321.1756333106178
2729 319.3659000571098
1902 318.77488342295595
511 318.5864721004068
459 318.5120893166468
1662 317.80613476597
3245 317.68266837318106
1520 317.31476808059637
2679 316.27375216452344
3278 315.86451672987755
26 315.5034103487378
2928 312.9988073838916
1337 312.55127396468345
3347 312.1106488107136
1371 311.96677942701723
1628 310.7122511646204
2958 310.5085090490938
3355 309.83048644372093
2330 309.75539104118786
2478 309.5980769319669
272 309.59091571183217
1807 309.311113706196
947 309.16913605203416
2413 308.7600058455529
2395 306.5647062416945
1185 306.17543462093715
1003 304.87759650758903
2758 304.74511342561254
3506 303.11435291574617
1699 301.1142831168198
1284 301.0102905937258
239 300.7482484205945
2322 300.56315978332645
2782 299.20179457950286
1066 298.7235831280296
2235 298.53663369399
1117 296.6105130897984
1793 296.18278663564496
2191 296.1224517565222
1750 295.42055550634694
1502 294.8920889361619
1614 294.67586672646615
729 294.3403643386276
1227 293.46373002547506
2516 290.9802892661992
464 290.32063492063577
2300 290.13148934595904
3387 289.5055873292573
1993 288.51995740017225
2610 287.5428967869848
2894 287.04853655287525
1970 286.95882211779747
1770 286.7977805341456
1132 285.7367241213883
2669 285.3815409103119
1742 285.30513034147714
3404 284.8617658605585
1393 284.56986755709835
1886 284.05406418440344
3758 284.0109655709502
3178 282.1648795648795
3145 281.6825017134207
2950 281.42033106069374
394 280.73901396117304
2602 280.4231082485141
1101 278.99706071820935
1879 278.62328173465534
2151 278.0670082328684
1765 277.9915297898388
1243 276.75403346015787
2131 276.70015391180635
897 275.7332169252883
1041 274.33313593448247
2345 273.43233167650277
1823 273.0873785594725
3593 271.8550459286057
2964 271.71095832595233
1516 271.70124523674116
1010 271.21066992962295
2927 271.19816761280947
2040 270.1514911716782
1122 269.49846719740145
1456 268.5164294821417
203 268.4593196381746
1416 268.37157927602493
3089 268.3332806706813
9 268.22718639558065
2150 267.9797726162184
2956 267.6118976784019
2936 267.0886143773406
2145 266.25294066946225
1349 265.32955573064396
2093 264.0911421369299
2550 262.4093665217298
2376 262.27689896387886
1449 261.39117342030346
3113 261.06559276537274
2069 260.7476268994447
1757 260.695425224647
3078 259.632141773349
1671 259.44019801268456
1332 259.4112533613622
1479 259.15146838032973
3054 258.77980005518947
433 258.1992174492118
2772 256.641745556234
1347 256.58750092290586
1525 256.18411490219233
2892 255.55194533192991
3000 254.44071833994246
2544 253.9276554142175
3267 253.7711778212612
2785 253.34607808282502
824 252.9484264228961
3049 252.78883488451544
1563 251.8838240209122
1940 251.34420462287403
2865 251.18993208374013
3369 251.13316576784072
2986 250.41991920952228
2943 250.17529302079225
1261 249.81036452671964
1153 249.6301839664857
1645 249.4032295789813
1429 248.60310962130362
3172 248.26837123744804
2210 247.7365137712687
1259 246.2911928180333
2913 245.3327938092763
2604 244.78767460303882
1496 244.7245047350803
2668 244.57301032301032
3362 243.69708673189075
1669 243.6343105250442
1269 243.17725503013816
2361 242.90338098777735
1603 242.25128659659902
2960 242.18389646222383
3351 241.01225767981697
1561 240.91518588482154
694 240.80041685337656
3417 240.59892464489369
3611 239.849340728263
2259 239.67523379244375
2185 239.36662863852317
2218 239.2693606828364
2334 238.40148184367024
1609 237.29978890150056
3177 236.03739233762454
1230 235.62015930733645
1868 235.01006363513176
2833 234.94218631726238
2226 234.54435483987925
2955 232.5359701873634
1123 232.4318269618822
1170 231.9418666766062
3906 231.75501961619543
3118 231.50524645092625
1913 230.93218567373052
941 230.69281337150207
2909 229.62775609589613
541 229.37657232360544
1495 229.1711727103317
1504 228.9373456654864
1012 228.6516260200686
1608 228.5150429319914
2428 227.78865611473108
2921 227.07723119743386
2996 226.85893128980757
982 225.90532074761305
2582 225.5722252395396
200 225.5119412662408
543 224.97460576063702
40 224.8951682364611
3252 224.35339085486694
3222 224.23088257134523
688 224.01593134622766
1767 223.7819087745376
1436 223.76105267675607
2107 223.08740701769065
1290 222.68441485345622
1882 222.5929092666521
2989 222.3548367249782
2841 222.3182761682761
3182 222.25800103717165
329 221.6200077812654
3277 220.78281142525628
1597 220.76569696975292
3829 220.3425571160865
781 219.99504902153424
1311 219.65997382169968
2962 219.5201528863294
1665 219.2239329330532
555 219.20520196537043
1719 218.84179262555608
1741 218.5354818943882
2028 218.26396248474455
2973 218.0988852288095
1335 217.79645073427073
2211 217.43612141781688
924 217.11624090116717
1246 217.0301016705305
3344 216.86784018909728
3115 216.14688678988867
1923 215.9642725565884
3361 215.85257635762255
2078 215.2587051414139
1858 213.97396267066014
3586 213.69993604764778
653 213.55477867948142
1172 213.2033856397152
2914 212.85270571288413
3188 212.7318258544539
1341 212.72911094483578
1067 211.18538811640667
1344 210.93536748349126
2507 210.21354072486704
1644 209.82225095134652
1231 209.629263715912
3287 209.10693552864998
3033 209.05948453008665
64 209.00677655677904
189 209.00677655677904
2434 208.88662666590054
2690 208.7298867798868
1282 208.04395316965613
2605 208.02518568551406
3119 207.4575933169102
2836 206.50305021775608
1816 206.41762088274214
1842 205.86918088603696
2462 205.7799171035219
3196 205.58800148939463
2718 204.7004100716082
3137 204.22164269781143
2285 204.19436697649428
1339 203.85541559789965
3275 203.46254023754028
592 203.18440167512696
1024 203.04616348969498
579 202.24809597279963
3224 201.7517301110775
954 201.67265815396786
1491 200.7712179438014
1083 200.7056552962113
2293 200.26384918185266
1543 200.24391080732423
2429 198.8692355708966
2206 198.6138752636422
2806 198.42340597417927
1744 197.46037269448829
654 197.18769777122483
2920 197.174725127255
170 196.866321876404
1685 196.75876707188695
1689 196.0220688462007
3205 195.42069033671203
2825 195.07918380772287
3617 195.04881133359393
332 194.6822285778508
3296 194.68086058357648
991 194.33384955188734
3319 193.74248876442977
2910 193.29314351922525
2676 193.15714991877465
724 193.06078866310236
2871 191.27821930560253
2196 190.65717119728143
1026 190.55970030917126
1678 190.27475842756556
1809 189.9765861310117
2553 189.54421890224836
2240 189.347833270918
3568 189.06516158133806
3526 188.65768121331004
1242 187.5700845785286
2088 187.43480620521092
2499 187.23796080862314
1820 186.97357308392196
3272 186.82515011865672
2404 185.7738369317701
2867 185.626872185891
1428 185.4026726081036
2777 184.90434650237012
3124 184.2198429117094
584 183.00887301445522
2906 181.42849654990195
3132 181.05588416294165
2540 180.53954135520632
2706 179.69482006097005
1727 179.347574507537
2810 178.88163545989212
2757 178.6781235897599
1851 178.355070619108
1943 178.32869306337153
2763 177.8178948729626
2242 177.70122986636804
3346 177.41025958905217
53 176.8577582060341
3191 176.75440860829553
1004 176.51991955348225
1724 176.17999533773045
3288 175.2197692661525
481 175.13637600799512
2198 175.01542850719744
1576 174.9492449783776
1872 174.20364639069146
2925 173.97978253116057
2603 173.82227651195598
3971 173.8106205244011
2172 173.74894518026787
2711 173.30706805797553
906 173.15416322846096
1619 172.73593381763453
1616 172.33804486130404
2123 171.9527551747557
1149 171.24319573732006
3146 170.86436480340305
1960 170.82915240978642
1135 170.65968692355145
560 170.6231784763288
1787 170.57288461263295
2937 170.40496090307047
2812 170.1961804764436
1156 170.18025365188993
1215 170.08270749977117
3348 170.02590214630823
2916 170.0069933426461
1448 169.91676968254924
1975 169.80460975086854
2103 169.79987969150238
188 169.45912645499016
2875 169.27576016842403
1125 169.17283883353656
2339 169.11709810176256
280 167.7027185783979
2715 167.61883823689374
3825 167.50355755355753
2391 167.4658144783869
2828 167.30070708752774
2095 167.1114732413399
1236 166.494838606887
1258 166.4628319586891
368 166.46261195204414
2866 166.3287945677838
2849 166.17886133989148
3419 166.16375448213998
1051 166.1525493622697
618 165.660607839073
2751 165.6574911495079
2800 165.65395662619258
1636 165.10627707484258
2369 164.91908674981505
2551 164.85865202078176
3204 164.34868975582134
614 163.96455258471522
1721 163.66102086270539
2331 163.61022410372067
2755 163.54786658210787
3298 163.48695452153615
3395 163.29366286722257
2826 163.01648053418455
1596 162.96228026079046
2273 162.92128235535247
680 162.77880877654908
3056 162.73585697285415
1668 162.4049542323033
1650 162.24171226713818
1752 162.22200151124707
2919 161.75899440977577
1129 160.8034637021928
1037 160.74153395264955
3966 160.3019525530483
3261 160.08036848580235
2590 159.9878406630878
1810 159.77844862335527
3378 159.5468659809781
2129 159.26982096335038
3025 159.25177823043225
942 159.1170164860488
2184 159.0750225230867
973 159.07104609479833
1304 158.34401554634326
2575 158.05713399771454
1019 157.63832323371042
1453 157.57948162948162
1020 157.4270796672474
1843 157.36005017181998
539 157.34517806530613
2317 157.02199188025742
1079 156.78545791543746
3420 156.37146215497606
1412 156.32967718593417
1789 156.2696226350414
3764 156.13219362337009
3341 156.0551361749033
3968 155.953064663833
2662 155.93048598412992
3409 155.19057324945732
2564 155.07233146224794
957 155.07180055395042
2607 154.2511753644769
199 154.05441578273226
1673 154.04399047846945
3332 153.46167481456058
1497 153.0880806363245
1735 153.0158870516153
3052 153.01078544085757
3279 153.00555833055833
620 152.83927101040015
1548 152.80795368683548
2664 152.70097187434013
2775 152.49904079752375
2873 152.3253271374003
1819 152.0868599169765
1785 152.0225096712713
3184 151.6568719738978
3529 151.4104235775591
1223 151.372462002827
449 151.3668448018326
825 151.2447045100947
2397 151.033252992726
1722 150.7643024712596
1482 150.52077514990359
1571 150.49803828301415
291 150.46140357646203
2720 150.38436773242972
3558 150.35875199206404
2340 150.32568547634463
3114 150.29265847795835
1370 149.34118705902006
2739 149.308721802793
3226 149.04216199150594
2784 148.83517397635046
3690 147.92339882339883
1470 147.77207507800475
2938 147.54750784131588
1021 147.53065565571148
2537 147.14569365178357
3219 147.127788672519
1984 147.02537230939993
3046 146.97696865465102
3800 146.6352938860272
3081 146.28982304245466
3255 146.18455032516366
2741 145.6948298645779
827 145.69224015567283
3455 145.58506642400727
2236 145.43022350587296
1444 145.03273434074987
1860 144.97185548127047
2412 144.75179522060327
1547 144.73413500488826
1779 144.60954223392963
2438 144.1273005860682
1423 144.0610571214007
2244 143.50347791177379
1205 143.39232666188224
3945 143.3054869966635
1303 142.37633266204256
1910 142.33156010656015
3448 142.04694720941197
829 141.84287123033226
1060 141.64567845051548
3869 141.61224411982926
2674 141.5954037705745
359 141.26915462295983
2073 141.2109076358077
1712 140.90150816501838
1291 140.70161038914986
2188 140.59333529122713
3902 140.5861082403935
2932 140.49569229417523
1359 140.43915681571715
3211 139.81840659340656
3842 139.6810023103711
966 139.45387483163532
1280 139.43711544357632
2049 139.3198339242457
2750 139.12616523576907
1209 139.11394250734892
2832 138.89457829325528
2783 138.85312037477806
2338 138.7997458315945
3259 138.73422659212136
728 138.5654555407627
3010 138.2035032964887
1106 137.6992261378013
3195 137.18467318900127
3464 137.07397129014777
172 136.55472554848217
3824 136.2540149122992
1507 136.05240661540978
1682 135.60977336756025
1095 135.5713113036314
2864 135.00880015283303
1531 134.5854700854701
3303 134.46664831302715
125 134.26300789261916
2433 134.14957053567412
934 133.9786618946496
2464 133.95013833585307
3782 133.68772893772896
2156 133.5264513264513
932 133.06305341591911
1850 132.8451349185008
2600 132.7218756122542
2414 132.69695099610914
355 132.55057337148526
1229 132.21877350042715
3313 131.75358127667258
2796 131.61392774677947
186 131.5457423156667
1849 131.5009749308214
1754 131.40772711137112
2822 131.2203279155207
2173 131.0268310894472
1605 130.96053292483847
1857 130.70247757382316
236 130.67139262043597
2064 130.44540006503706
1462 130.04412173348447
3187 129.81541558286912
2728 129.5708874372961
820 129.4536492712161
3022 129.43537456025956
2387 129.15977199512253
677 129.04843275972476
3468 128.69612054612057
1898 128.63015511103234
3511 128.53797313797315
1113 128.32451821171256
313 128.09181553144853
1267 128.00461639943558
644 127.9474014703782
3073 127.92084701311478
2994 127.83286837437146
2420 127.19684662973361
323 127.19029029467322
2506 126.99866255808963
2675 126.98663973393451
3734 126.7828928259044
3203 126.67190097016137
2231 126.27808301134861
1054 125.64153136343144
784 125.34193193539878
2646 125.31803651662709
1538 125.20844031189344
3415 125.08862666665419
202 124.7956456835168
1917 124.63480031992529
2085 124.35657601186942
3737 124.29274336731285
3221 124.2379231879232
3553 124.13415669860903
2827 123.77974394426279
1716 123.5227464878301
997 123.303303769866
2161 123.1512010212548
3120 122.80764111608848
1056 122.63417268154912
2409 122.57202578545328
2601 122.33753504301905
3821 121.20339105339106
3018 121.03524706287864
1706 121.01139426349691
1183 120.88529605491935
2939 120.86530862809082
2335 120.85234022083864
3738 120.71936837672133
2348 120.68017377684262
589 120.64535868749904
1824 120.62836387230622
82 119.96576951505898
2396 119.8882550278906
1885 119.85822234140211
2154 119.54640492989931
2795 119.12324713227152
1946 118.95881937845841
1938 118.94026505837932
564 118.90079365079345
1302 118.88416930475577
3106 118.14688389176392
1068 118.06811693649294
1962 117.88594941545853
2200 117.82031289259643
2988 117.35678923383587
3207 117.27696029164483
3629 117.25814530590964
2220 117.24799140453379
2488 117.03871094550593
2518 117.03183996847794
2411 116.96189873422071
1011 116.48098666799032
2063 116.36032870069337
1826 116.21748604504575
1686 116.19278028022781
770 116.12988787451143
2304 115.33024687307383
2872 115.24055431131639
2030 115.22829622949004
1120 115.17860244520584
1875 115.07847989841005
1415 115.03693480319347
2367 114.45791895823791
3431 114.21571936835095
1047 114.1413696734229
1018 114.13388631020368
815 114.13387751900248
261 114.13282567275878
2581 113.70714378146931
994 113.69907665374788
1774 113.67744465356174
2713 113.45836921850079
2271 113.45565484184347
3057 113.27694566059306
2615 113.25623774145342
2745 113.10161453897848
2759 112.91347398575662
351 112.90079365079345
849 112.82694808625324
2561 112.70692906417774
1971 112.53889303015852
2029 112.38378563103583
753 112.33954148988178
3339 111.89274068975722
23 111.83333333333333
2425 111.82421731829398
616 111.82108566716077
1348 111.80217030705349
3804 111.79472204922271
1514 111.7631301641678
2844 111.73290719534768
1384 111.51609819451724
2058 111.47479963232712
2931 111.33839339154493
1064 111.25966255966259
1979 110.71131796061925
2222 110.61524725429378
2520 110.53208483810019
2443 110.40604562537959
3086 110.29601089188732
2341 110.15787721050877
98 110.07955976126874
3900 109.51449841568967
1565 109.42170998587301
2118 109.41743676316604
2905 109.22707637492731
2768 109.1775572037182
3449 108.79317823173365
3927 108.77635697635696
3722 108.77192482704211
2969 108.54552973671122
1623 108.30816990513496
2392 107.84810205545824
3926 107.59388216148862
1837 107.283598043098
1660 107.18870446438
3810 106.72813626575237
3576 106.67415469285172
547 106.40397281193754
1986 106.31103426173881
3625 106.2063230982763
1392 106.13051336145561
3422 106.03972727558437
312 105.11118326118326
3790 104.81787087621116
2201 104.76143687687942
1009 104.35971866920413
1324 103.91209044696893
1677 103.50594655580989
1245 103.32820249813554
2326 103.21032478397805
2342 103.14302867668965
2862 102.9856974694752
1818 102.63822091653512
2228 102.5988791823931
1632 102.51933455733248
1743 102.25779130927151
3016 101.89515613459486
2473 101.8762798512924
3098 101.78982189261885
1580 101.6792576113916
3394 101.56189083774493
2840 101.37428875942207
3508 101.25133477633477
2315 100.96234000161328
2091 100.44646075503594
2121 100.07686410469194
3149 99.93970744122329
3148 99.88203861216438
2854 99.87615430445732
3794 99.82256284581294
853 99.27198771650929
1859 99.22533006203766
2371 98.71542691959033
2689 98.63990720756966
2848 98.3097216792869
961 97.72721877365842
3605 97.69328792599558
3036 97.44515790763947
3612 97.2016095016095
1715 96.79497954833752
3096 96.73512940293234
1163 96.71779410346129
1296 96.48096066651499
3215 96.41799856722207
695 96.1650415524776
1288 96.04027868300508
2753 96.01487778493075
1271 95.96331000331314
2323 95.46451982202076
3293 95.24843056484515
3328 95.13206121065188
2623 95.07292308963163
2275 94.84109406378374
548 94.75466420462124
3924 94.67176262264431
1667 94.66758375783145
109 94.34696812643709
1781 94.31605101947005
1533 94.02768477761951
494 93.91251391655028
1130 93.82174845719726
3433 93.78558260918633
1585 93.76617349990568
3174 93.19506414328298
2059 92.8855679918145
2803 92.8673604173604
118 92.82769547501246
487 92.41786817511466
2536 92.38949815436739
1350 91.86447272137154
398 91.76567262459483
1732 91.69774303012427
2318 91.60912034312233
1247 91.58818681318681
1634 91.3732701049941
3496 91.21507936507938
2625 91.08738872744004
2880 90.99967122479468
2092 90.79690114037173
2448 90.59306802633361
2558 90.4857142857143
1925 90.29249014562403
2381 90.26468600256527
346 90.2502886002886
1643 90.23008793606785
2329 90.15804285240648
2500 89.78877623029834
2090 89.76074336305187
396 89.71413357281884
3158 89.52898563301707
2449 89.44481294515482
1298 89.1149700638671
1062 89.01723922293182
2043 88.81543351357878
2819 88.79843932524192
948 88.50125193172033
3460 88.13288819024115
739 87.97984490567374
963 87.89597800195095
2853 87.17469222536442
1426 87.1343842810503
409 86.85953139433114
1891 86.77496865040436
1919 86.72710003815115
2482 86.67311077471966
2868 86.58880286380285
3542 86.49471454408479
1407 86.34283065159696
2406 86.31168810228903
48 86.24835292253623
2743 85.95375771291523
3628 85.79706404706403
1994 85.64083767255336
2112 85.44694532731621
3075 85.30383510881964
113 85.24550311152403
3488 85.23251639683124
2896 85.20310656457822
1753 85.15000498028195
2214 84.73882944242008
3931 84.49735445713708
1535 84.44468558175768
1980 84.38168652190191
142 84.242111937422
1388 84.22482238313594
2492 84.13940823252413
3779 84.0708805814069
2666 83.90402473797175
1795 83.8635004557362
2243 83.72385686416762
2702 83.7211704961705
3731 83.6653552489825
3410 83.4165221603302
1530 83.39469103874299
3466 83.39068039803335
2698 83.37300270651603
2940 83.31204074438803
1207 83.26493316925136
19 82.53333333333335
462 82.47840346090443
372 82.18213137367736
1544 82.0632112555487
2350 81.92700090853953
2460 81.88635728845931
2465 81.76862525789856
3873 81.68417466621304
3176 81.47339225102381
2521 81.46773626701399
1652 81.39913390970044
446 81.38545900551928
1413 81.3595305785708
3231 81.26607374107373
2630 81.19760343007582
3947 80.8478977391045
2593 80.67094055762466
1318 80.54016313940356
31 80.40898771409206
2033 80.18466540425023
1454 80.0618050616865
3505 79.600888000888
2221 79.50977944512438
1131 79.49506171249071
999 79.24116921102983
2104 79.18943180877328
2440 79.14448605275163
2366 79.01632681859599
2354 79.00997752503743
3212 78.99445184042543
1595 78.9468845851136
3225 78.85835396670603
2139 78.78179890992857
535 78.72096931107657
2430 78.50362886468429
2993 78.41711480829977
1404 78.29372818474963
2712 78.22396852075532
2586 78.18685863851458
158 78.12772550174614
3070 77.99877657062831
361 77.94646155677844
3956 77.705016062369
1624 77.53922005685097
3803 77.40272767868676
1647 77.39608940526361
1982 77.36749725155725
3640 77.35621768940617
1918 77.12995744671223
2749 76.94661593284115
2735 76.5104796081112
2290 76.43323543967882
2296 76.30607033227909
41 76.18095238095238
458 76.05117554051273
2945 75.84495229880031
2045 75.71526870173851
2644 75.577152981626
1161 75.54932211284175
3514 75.45972481781583
1278 75.44712382929589
2573 75.35207838666197
3891 75.24657357467703
2773 75.1144396544871
2140 74.95063269882961
617 74.76149731838188
3555 74.69632034632035
3080 74.5812585085668
3559 74.44922456358589
3475 74.42327024945753
3836 74.39816849816849
88 74.16888888888887
1268 74.1403531923213
3400 74.1082770921048
4030 74.04285714285714
1035 73.8814450626673
2474 73.41630179246279
3129 73.25681527874266
4023 72.98809523809524
1323 72.94030812159382
2124 72.93034724414316
842 72.9185664111506
964 72.38721345218251
2257 72.30490965845424
3276 72.15340852019952
2911 71.91983526137014
2870 71.64126798828413
2631 71.28279912939102
2619 71.24700868655367
944 71.19569244726297
3702 70.9989361219013
3719 70.8538348476429
1040 70.74467258658848
2207 70.62864357864358
2667 70.28117715617715
2295 70.28051207224831
3223 70.22233560127522
528 70.18975297463535
3297 70.10496428748368
1492 69.81123596129356
3239 69.75950130076889
3826 69.62864401954117
3747 69.61139971139971
2423 69.35758183231937
1862 69.19262846975381
2363 69.05275614976668
1566 68.79778554778555
320 68.76681096681098
2546 68.69355905110395
3534 68.66058756058756
666 68.5293672289828
2288 68.51903113167828
2280 68.31118500789941
3831 68.18261579873581
3469 68.16094069329364
1181 67.89750630823637
766 67.84859726303364
2818 67.83236567354216
325 67.76279597122685
1406 67.65556400544058
3257 67.646848074335
3870 67.16034905627717
2352 67.04130980873644
1314 67.02574271269422
1092 66.99626254910552
1100 66.83211067585356
3220 66.808601210067
1659 66.7215483947767
2949 66.08571428571429
2570 65.99538904507943
2253 65.98042045971476
3041 65.95584598043287
2978 65.70500508263666
1281 65.6034244699679
3171 65.53854654117812
3007 65.19043105213053
1658 65.13344927520592
1380 65.03607980479767
2700 65.00238095238095
2146 64.75624731866151
1811 64.71228287018731
334 64.69911402646451
1772 64.56647688355264
1309 64.39458844584155
2147 64.38258131243353
2152 63.51522366522367
2874 63.49408309115106
933 63.403762835818476
834 63.26374549437839
2504 63.20012860725346
3381 63.07958964718226
2680 63.01921178130371
3329 62.76492484124063
2299 62.71885633195769
3247 62.49920989382119
2190 62.415607912327744
2807 62.37369378987026
3284 62.2767131082505
773 62.21790870962368
3393 62.12349710418715
718 61.99357665945316
2672 61.98505939944603
2276 61.863970725472555
1921 61.75257830108822
2762 61.72851198210264
3206 61.640152833372305
3693 61.6151668219682
2655 61.4761120676678
2618 61.307526868556295
2696 60.96739453357101
2991 60.80781791573851
687 60.77065153279635
1594 60.74069753619995
1432 60.72564609572477
734 60.666022579546116
3610 60.593650793650795
1988 60.587510528687
3950 60.54749694749695
1385 60.54527899323063
2923 60.5389933166249
1691 60.519194410270636
2287 60.47006889252929
3307 60.4172952047952
2446 60.342581173451286
1375 60.26477146238293
2984 60.233054665107616
2725 60.212287712287704
3590 60.112682435446786
3377 60.01993188225748
2165 59.978748733338264
1265 59.8930400023199
1477 59.65745586113234
3085 59.64434291127247
782 59.593095793095785
1099 59.47666827439854
2934 59.24015151515152
2752 59.08737373737373
1102 58.97292015401008
1402 58.860970214948395
1424 58.857142857142854
2120 58.84937737700894
1901 58.6713398677993
1539 58.563783910182565
2663 58.54271121598709
1812 58.46337394848103
3443 58.29082943200589
2160 58.24411042174199
2401 58.23967258794845
342 58.22781029236064
922 58.164793051535646
3791 58.111399711399706
3160 58.06339769172988
3273 57.93350280610342
3951 57.86659469414887
936 57.73194846184367
1212 57.69094598212244
3213 57.395652050844205
2924 57.349344846396924
3260 57.27477804532841
1451 57.15401680027523
2365 57.11042720258751
2856 57.01911976911977
3373 56.9415707963534
2379 56.806192230437475
848 56.793719772659394
2083 56.7432224674715
2858 56.646103896103895
1575 56.445771711948176
2887 56.41641163141371
1121 56.38921692999318
2974 56.30467303994443
1169 56.20927962503688
3301 56.147432330187414
1670 56.1036790986791
2356 56.096597784743636
2845 56.077932651090826
1830 56.04451040097562
2559 55.94200918888336
1679 55.63028541084581
242 55.6103896103896
1294 55.58183159962723
3004 55.333390551570304
2686 55.31483475245086
2557 55.1817614581873
2929 54.79261112731505
3064 54.769177668686105
489 54.5279743835868
1219 54.50032277501955
3435 54.44237094807564
1908 54.4233146080972
115 54.34372294372294
1008 54.132792639973964
2497 54.11518726371667
175 53.95238095238095
2622 53.709732750909225
1766 53.59549535081797
1878 53.47276203289703
1751 53.452440838003746
727 53.41209253462358
3234 53.394116731928705
2637 53.39326083776044
726 53.30112319548778
1127 53.25891476346452
635 53.2095743642932
3416 53.13266705118883
2416 53.124610887500374
2912 52.91847721749056
2005 52.85034061653017
2578 52.764931412161
1646 52.6871794871795
3573 52.6540921962399
2374 52.59019049813754
3907 52.555850378614736
1396 52.50018088969603
249 52.465800865800865
905 52.29501498080137
1177 52.16666666666667
1464 52.133534220855154
3768 52.12630702630703
780 52.002603609262096
818 51.844360988169036
3841 51.80275601892751
1142 51.71459483335249
787 51.62673902831112
1500 51.5444817211973
1681 51.52973171450687
2638 51.51117486166593
1672 51.48846395823108
2035 51.319429942711004
2272 51.293501764711664
3599 51.05633745339627
3833 50.91972394065206
3144 50.88395493395493
3029 50.836143844033764
3933 50.72171717171717
3306 50.59956802959831
1527 50.56696987223303
1936 50.50722969840618
3884 50.32719455331857
3340 50.277310612093224
1796 49.96314121447035
1904 49.897127213333974
1895 49.84821088983157
3438 49.82447072796783
3921 49.75750313762043
2495 49.73420454044156
2386 49.702197837797094
573 49.61762024525182
1578 49.51275836124183
2480 49.481694588479236
3264 49.450295894336136
3909 49.41632345982191
3499 49.35515873015873
3383 49.281696081696076
2023 49.256897038738465
104 49.1574538306047
3326 49.11642246642247
3662 49.07142857142857
3237 48.84970764758481
797 48.70294977091284
2260 48.610747379555434
1526 48.38202548019989
224 48.32345237315879
2010 48.2945987486318
2645 48.2896385522619
3169 48.152013136766286
1321 48.075486160468216
3615 48.02004647663436
3711 47.96703141200045
3822 47.94204597706081
2756 47.87792703441475
1942 47.865158119103754
2620 47.85802908590669
1240 47.81336996336996
3645 47.766833166833166
1418 47.57239020570223
1737 47.54138225018912
1441 47.51891683868397
2815 47.40247946525514
2074 47.36728531621279
2057 47.33766768467848
2737 47.26169106355759
2897 47.12303163167642
231 47.05530208169902
833 46.919047619047625
619 46.859404578355985
2370 46.85707627166114
62 46.721159230956644
1564 46.691941795734365
1445 46.67398402251342
3138 46.57772782772783
1306 46.478427520764996
1195 46.472952168007815
1738 46.40598364432385
3337 46.289291986412046
3142 46.202913665242306
185 46.10583501730348
3065 45.97522435973815
1889 45.952380952380956
3714 45.9306825468893
2020 45.86257703653496
2022 45.81899453820679
3642 45.81675271597474
2216 45.6228939231823
3546 45.528571428571425
2648 45.448626802453454
2549 45.399364232026656
1 45.3712863445622
2075 45.20880233049381
1927 45.186831671451415
3166 45.09898213058384
2556 45.09614373989734
3316 45.09563839161503
1655 45.043620304895704
3364 44.98396382365553
2889 44.93030303030303
3294 44.73237188762973
425 44.70722741558701
2308 44.69952995746058
679 44.500921980563625
204 44.495923520923526
1734 44.37274198663104
1935 44.34528106072002
2202 44.266916581023004
3208 44.147619047619045
1541 44.13844413342797
2061 44.10486175223536
1649 44.076362411593706
3242 43.94719887955183
3535 43.94150849150849
2108 43.9412924313186
2843 43.91841813587169
3009 43.90653248575637
2405 43.90461205461206
3236 43.8601449977611
2531 43.84756951555645
2576 43.803910852982256
141 43.77696769647525
3380 43.739843530882915
3384 43.734150629499766
975 43.733024859509314
2006 43.72442023160161
977 43.60653991392313
3601 43.49237429237429
636 43.31091948969964
1260 43.206170001707754
2859 43.147444222444214
3823 43.07693417693419
3157 43.048051723051714
3043 43.00000636618284
2760 42.998880109841856
1929 42.95712292390266
1355 42.90003372398478
1542 42.63646480799554
1877 42.57349096853574
3193 42.55966595202038
3164 42.535170053054
3285 42.506390837019644
1422 42.43638544093301
3554 42.387239394592335
2681 42.369323235224236
574 42.272742835037356
1292 42.19971925162398
2115 41.97098778210098
2408 41.93274590171154
3042 41.879604054789844
811 41.868787543935724
3648 41.798576217384266
2485 41.786079805701895
3343 41.740476190476194
1641 41.59134199134199
3881 41.524025974025975
771 41.51666666666667
2744 41.41533825651472
3199 41.31717238252596
1653 41.244553093423406
1257 41.23812438346567
130 41.200022200022204
3374 41.12857142857143
1508 41.04400559144566
1225 41.02043547819594
752 40.977587516605986
1638 40.87985021994496
1082 40.76935335657878
754 40.75417020273208
1552 40.70042083520344
1587 40.61100512224671
569 40.51501642158883
418 40.27755431602548
984 40.22174146657131
817 40.05118857186918
3110 39.914606649389256
2614 39.91057635175282
2393 39.8231497756156
3108 39.77185553687879
128 39.6733573101744
2965 39.662207025860276
3391 39.58715833373984
983 39.57643660139524
3828 39.53440502095233
2851 39.52409061526709
2789 39.50684038184038
265 39.45172333054185
3139 39.44207126207126
3471 39.408578952211386
3014 39.36379108583763
2957 39.33809523809523
2525 39.335248265724196
2099 39.31190476190477
1582 39.25066352356469
3379 39.207639922471515
161 39.19218706956784
148 39.185230378273374
1143 38.89635148001509
2086 38.884837361036276
3847 38.86666666666667
1397 38.78212604071574
1036 38.7533850019335
1190 38.704887347662364
3528 38.660921684112786
3023 38.52670611240513
3390 38.52518430904146
764 38.36282615647167
720 38.263617537113284
3486 38.24687807306935
3860 38.18248701062114
2484 38.14898904569998
2237 38.10876564323224
3547 38.09273504273504
2489 38.032648753596575
959 37.93294320486075
3470 37.84014988842574
474 37.80898420007156
2122 37.787572621749455
3463 37.73352064446424
1228 37.71898262257328
1198 37.68117600598053
2995 37.64275709371618
2432 37.60591548702605
3421 37.60131535131535
3067 37.44126984126984
952 37.32642980890378
1398 37.26930335455986
2286 37.194773114742155
3123 37.19177573955935
1434 37.15189152138001
2539 37.07860223540911
2612 36.89202000699846
1841 36.8334146382568
211 36.79119028785423
822 36.67619047619047
2277 36.65910364145658
2159 36.63376716194901
676 36.51412306155176
2197 36.419490858298914
2831 36.36457431457432
3799 36.13333333333333
1987 36.099028022832805
2566 36.050358983284006
3103 36.026903651903645
2823 36.02424462284905
3998 36.023809523809526
2476 35.96125618176313
5 35.96031746031746
2809 35.836871255679306
1501 35.82280124389996
1138 35.78571428571428
2835 35.78205927053646
3459 35.777128427128424
2426 35.70569234686882
3430 35.70280342783211
445 35.65759326529879
1965 35.62024148022601
3564 35.558874458874456
1091 35.46585213126623
2654 35.45121185377128
1112 35.43388257933574
3740 35.35220484114566
3964 35.31111111111111
2765 34.932698566285964
94 34.853769841269845
1299 34.833868951613944
1695 34.79019270554591
3706 34.64490361993391
696 34.62235471463699
2067 34.59993749851274
2048 34.57649115814162
248 34.539684238476816
137 34.44920634920635
1805 34.394387245445785
1007 34.32883672591959
1763 34.08865959351153
663 33.875117486169835
610 33.85313324396329
2985 33.84034901572364
768 33.81031746031746
2209 33.675068355501445
3809 33.58968253968254
2626 33.533915711163765
3135 33.347777158666155
1167 33.18305305726863
795 33.17630127010932
3480 33.016084298386495
331 32.92371880842469
2657 32.8914214442822
1180 32.80716462210158
736 32.74047619047619
2307 32.70670641425036
1150 32.683347564514285
3760 32.652075963252436
2628 32.54284590583285
3069 32.45071770334928
132 32.33760475265052
949 32.24276601729849
2656 32.20649350649351
2519 32.16658116853996
1704 32.1282456861196
3728 32.12177971072054
3915 32.12080860316154
1351 32.11424503897687
1241 32.0453550775364
3780 31.990123003931053
2847 31.919047619047625
1997 31.856908304790625
1944 31.8371196135624
1903 31.834937633539614
2212 31.749156505684887
3643 31.548685988933666
971 31.52970213605137
2453 31.44756158873806
2357 31.437251637251638
1387 31.41927773808579
1201 31.411202285306874
3858 31.399336230617422
597 31.276920222699268
2697 31.250865800865803
2359 31.221140621197343
1356 31.213752913752916
3095 31.132676473852943
2181 31.08505742623389
2523 31.06685217946828
2791 31.051068376068375
738 31.046638114563002
519 31.020404670614923
1633 30.959554895568825
354 30.93693249710244
2708 30.91939988769109
3050 30.84191539454697
814 30.72423511595292
3786 30.694121510297983
1340 30.691091570497548
3635 30.643815012141847
214 30.492857142857137
413 30.485860238957827
2673 30.332864565333338
792 30.309418713095187
3105 30.216666666666665
2297 30.18859848973422
2684 30.168207801172613
2727 30.148290598290597
3949 30.08809523809524
2820 29.89069264069264
1457 29.878896221307095
1188 29.752287012491955
3667 29.68003943126167
939 29.637395937395933
72 29.546471383220613
440 29.500640061274378
3474 29.490967365967368
2467 29.42866054943322
133 29.418180701755883
3024 29.41511888225443
2941 29.36125843111137
806 29.280158730158732
3852 29.23589534578631
3048 29.216059757236227
3532 29.1484348984349
3405 29.1008658008658
2164 29.08641934682243
919 29.023136252999116
3300 29.006024531024533
2055 28.954259386866568
2587 28.927255054886633
1733 28.887494146994083
2577 28.74748841629647
13 28.72750740694359
1108 28.71759599170039
931 28.57492094589985
1266 28.504662820839293
1615 28.462392509451337
3292 28.377056277056276
3538 28.344683094683095
3359 28.282696715049656
1870 28.244683005623855
1696 28.23975468975469
3621 28.22308802308802
900 28.21063104125984
3432 28.058682777490827
3867 28.02689485701215
3602 27.971249012425478
3238 27.903463963243823
3895 27.887842712842712
3228 27.765441578330172
3967 27.7049062049062
1990 27.629516561869504
2830 27.601763472639956
3 27.468939393939394
1213 27.407372827139955
410 27.397885416777584
2109 27.35893132223902
2114 27.300238650238647
2261 27.29276274650072
257 27.17549877739506
1072 27.0387034796316
1968 26.914541973392375
450 26.756294342385107
793 26.714213824395014
907 26.698478762057587
2997 26.68571428571428
1635 26.569009040543506
2455 26.564087666719246
3286 26.55605299646172
3510 26.478268953268955
2829 26.46566182918537
1452 26.441016685238655
2709 26.385714285714286
3759 26.350549450549444
3707 26.335567312111298
2761 26.30860816126155
1000 26.18487068487069
1285 26.1727958280474
1308 26.1345758017726
1900 26.12006595096168
3549 26.007142857142853
2797 25.947623666071568
1832 25.91006369019275
2534 25.865612981789454
1503 25.854097248287776
3982 25.852380952380955
3254 25.807525601333655
3170 25.78723376753706
227 25.771428571428572
2110 25.74261965924285
3021 25.723228213231735
3483 25.719264069264067
2552 25.58256629059855
845 25.490739733288674
2574 25.467254856533124
3563 25.421957008133482
2192 25.352272333050536
777 25.32464005796424
1829 25.266833166833166
3484 25.178024753024747
1907 25.16640730121334
3679 25.145238095238096
2981 25.092333130170267
57 25.037373737373734
1411 25.03618542190523
299 25.010786435786432
1914 24.99205362465228
3189 24.98288728815044
111 24.931746031746027
303 24.855950944480355
230 24.83333333333333
2082 24.8290614614144
238 24.70800839935149
2954 24.70714285714286
3490 24.69761904761905
2469 24.641951616676344
976 24.552698306947732
2731 24.505280874067992
1202 24.5
3718 24.483723772500863
763 24.48192424551159
989 24.472892085389145
2688 24.457142857142856
2563 24.40929418103762
1981 24.361079328305653
839 24.356349206349204
2983 24.352380952380948
532 24.333333333333332
1952 24.190074986725318
3539 24.16904761904762
3524 24.143073593073595
3536 24.102380952380955
920 24.089495018902454
4014 23.883333333333333
3752 23.846942763119234
362 23.665778348930928
1287 23.661488712076
3497 23.580959647507637
1989 23.577613443344717
1931 23.568675326107794
3866 23.529603729603725
3040 23.489217234637042
2846 23.388444717929893
2193 23.35527968763263
2726 23.302128427128423
1139 23.264276948130764
1728 23.21557900520303
748 23.201232898008463
1747 23.15269069010488
3518 23.102790690330707
3357 23.087221295279768
3896 23.031389385181956
1749 23.022805788982257
3855 22.981546841531358
3165 22.967843267843264
3491 22.794335017606993
1606 22.78232400491452
2179 22.781503588350443
3249 22.752734193910662
29 22.748315309029593
2077 22.74260331837029
84 22.707098293862998
1053 22.7
682 22.6789429636955
3402 22.638596491228068
2562 22.63038987156634
3624 22.55952380952381
3210 22.380876433508014
178 22.353461353461352
437 22.333333333333332
3566 22.333333333333332
1045 22.33333333333333
30 22.32416814179972
835 22.29262934655778
3312 22.270050211226682
2234 22.23556357005355
3500 22.22171717171717
3753 22.21122033545528
3318 22.18414918414918
3392 22.117468087468087
2098 22.0956988214692
3151 22.08309921073079
1055 22.032748052600997
2238 21.936359838991418
3557 21.93622503754178
1723 21.888390831915917
3061 21.78650793650794
871 21.73333333333333
3032 21.72715401213853
1855 21.717474472701
2948 21.691284529253863
2011 21.650402964749276
2346 21.64581809676631
232 21.591970251605556
1216 21.58103546075278
3775 21.566666666666663
3325 21.450815850815847
3670 21.43100190940452
1953 21.424417121159358
742 21.309523809523807
2907 21.296063764569617
3093 21.287073333032406
2733 21.279960884216518
847 21.234462250798458
1315 21.22125127746252
3687 21.194500376002566
712 21.146031746031746
2967 21.12629966655296
2249 21.08544444649089
3167 21.06833958095568
1097 20.998542455410806
403 20.97287450035949
1400 20.968311060662074
3482 20.904040404040405
3047 20.888345819272747
184 20.743600843600845
2641 20.702449483296537
2477 20.684076501829377
755 20.673242308278432
426 20.533524009708643
1698 20.521708520237926
850 20.45793650793651
760 20.453174629360745
1957 20.343569706924487
2627 20.32204155890766
1382 20.31384487629168
940 20.310649905649907
3028 20.250000000000004
2486 20.217669258845728
2390 20.188995544613853
1073 20.141666666666666
3485 20.11402036044451
701 19.961714932690427
3850 19.926874275150134
3399 19.86796696276898
1379 19.843566210047214
1562 19.833333333333336
2316 19.794516594516594
343 19.78975468975469
1484 19.73008435106277
310 19.699206349206353
3533 19.685404301580775
3763 19.575468975468972
2427 19.52449206064233
926 19.49773389074837
3512 19.489337786969365
3626 19.376190476190473
799 19.37077922077922
3710 19.259868582632933
3969 19.259514745660255
647 19.17545199898141
1963 18.89137140456332
3583 18.88169608169608
1481 18.86736035783556
116 18.84054834054834
2882 18.835714285714285
143 18.77142857142857
159 18.768326118326115
3013 18.761101702041984
3697 18.750870909637975
2076 18.74708428826076
1103 18.703151682787233
3066 18.70238095238095
3244 18.6987012987013
1815 18.6820716920865
1325 18.65233100233101
2717 18.612361120161342
2036 18.61112106847401
2291 18.53471055088702
914 18.494244535421004
903 18.44755930007983
3784 18.437657712657717
2213 18.436511806478677
2953 18.416128404578224
1676 18.413750954927426
1058 18.413392163392167
2119 18.389877457013007
1023 18.38888888888889
223 18.374267539323107
2987 18.35397119013218
2415 18.325660044044398
2918 18.266591535399588
981 18.26446903386152
898 18.25464145881583
3776 18.230447330447333
1599 18.12900432900433
2418 18.095174096562268
3309 18.093672993672993
3246 18.07943722943723
2217 18.04848484848485
3903 18.02701342345305
3155 17.990476190476187
732 17.970634920634918
1801 17.961900391429268
789 17.945238095238093
3937 17.91025167642815
1030 17.833333333333332
3730 17.788994588591436
2639 17.787868994958668
1033 17.786854811854813
1433 17.764238702473993
1739 17.7350796262561
3698 17.729653679653676
3109 17.71558268917335
2353 17.69600067130664
3944 17.656498730028137
568 17.583477633477635
2407 17.54805916926174
2535 17.43333333333333
2554 17.390316065642285
2046 17.369310867772285
3767 17.369047619047617
1999 17.358788463253184
2532 17.3508502333847
909 17.35
326 17.32070707070707
1244 17.274755650714727
3979 17.24126984126984
2633 17.22192420698226
987 17.21904761904762
2311 17.172375201050002
1524 17.118702092842355
3153 17.05766263393967
3761 17.053111594288062
1043 17.016666666666666
121 16.971148147107225
1896 16.95238095238095
2876 16.932387982387983
3770 16.919047619047618
3880 16.9
1279 16.899467175620106
1461 16.85486624060793
807 16.85038015375793
3015 16.80807329924977
1336 16.805412411509877
2089 16.804571910717417
714 16.803968253968254
758 16.74493800275077
314 16.733948035109027
2933 16.719047619047622
1499 16.61904761904762
3515 16.581024531024532
3569 16.574810434825242
2878 16.52981462981463
988 16.52825853936728
741 16.51099654604231
2162 16.490278142909723
1701 16.466367782544246
1906 16.34920700877223
2723 16.347691197691198
3683 16.34064069159977
3636 16.29758542111484
3102 16.29388185979349
3659 16.28888888888889
3960 16.054906204906203
1934 16.0517316017316
2303 16.041476307770164
2585 16.019191997623295
3792 16.004710726150353
1232 15.997087545026027
196 15.963095238095237
498 15.962565259905862
3726 15.931139122315589
2710 15.83606116106116
838 15.796489614112565
2000 15.77939104718606
1286 15.763112879019886
1152 15.761998146780757
2850 15.68959950040673
3664 15.666666666666666
3616 15.633333333333333
1700 15.613656824475044
2977 15.611284220026475
1798 15.605681489407429
3802 15.593410367645308
3785 15.576784581536229
39 15.565613712053338
943 15.550770279360936
3957 15.498168498168496
1710 15.48526845735715
1293 15.400165719136163
3503 15.38525270240041
1848 15.369854950279025
1556 15.28846427401498
3190 15.251587301587302
2403 15.241130764660175
3720 15.233333333333333
490 15.231576824437708
297 15.22577215451063
488 15.179472898385015
3929 15.150177451136527
2579 15.106709747983244
2682 15.101064578696155
685 15.049320119002438
3458 15.037962636492047
1365 14.976449279141242
2685 14.951918343094812
2658 14.93896266129883
831 14.89904213500139
180 14.853932178932178
258 14.737706674355803
3068 14.64638490164806
2893 14.619047619047617
345 14.526948926712734
3578 14.501746614355762
2034 14.5
625 14.452096879728462
1144 14.4354259689399
2310 14.422678064394749
3862 14.418874426227369
2306 14.413595080675556
1118 14.39543620493614
1342 14.34848484848485
2572 14.33891575269215
540 14.2798292468484
495 14.220706172708377
3671 14.216666666666665
4004 14.216666666666665
2766 14.213364937436143
2373 14.186664124078309
3543 14.186356127532598
1572 14.12352723201244
1389 14.034949267428022
1629 14.028679679901916
1015 14.007009722618362
3835 13.995230442994794
2490 13.977056277056274
2360 13.975898078529658
2208 13.954671012005818
1922 13.883387811019393
969 13.855547481688543
3608 13.853640809269613
3088 13.833623188405799
2421 13.833333333333332
3349 13.768253968253969
144 13.753246753246753
1310 13.736995362240345
1792 13.664603696956641
912 13.616666666666667
1316 13.589088484936324
836 13.571825396825398
1154 13.57142857142857
3192 13.549396948695687
2314 13.482725281254694
3476 13.474358974358974
212 13.464528783336831
2248 13.462899845252785
2961 13.448074148074147
992 13.41659514694984
260 13.383333333333333
2705 13.37418518588202
3914 13.372222222222222
3634 13.353370485723426
99 13.304761904761905
3509 13.304511908102565
3713 13.304127918068744
2805 13.2
1140 13.188662768426566
2041 13.166666666666668
1532 13.166252749912877
3209 13.148100735979993
923 13.135881453017001
2456 13.048484848484847
470 13.045645728540467
2170 12.924739965916437
101 12.862698412698412
2837 12.862454212454212
2821 12.851108464567545
1550 12.819998922224686
3796 12.800980392156863
96 12.773759573759575
2970 12.670074135640043
3941 12.666666666666666
3156 12.633520074696547
1094 12.534992784992786
2591 12.504512024925493
352 12.468541495120341
3888 12.438095238095238
1081 12.42465759069244
3358 12.424457731810673
631 12.354434532397642
1090 12.33956043956044
1958 12.298005329656545
901 12.242174846411622
3462 12.170248596594671
3269 12.102380952380953
2771 12.069119769119768
889 12.019090996722577
813 11.989560439560439
2747 11.97750486228747
3623 11.977304177304175
38 11.972536945812807
375 11.907683920265226
2097 11.886375004903233
2903 11.87943722943723
711 11.864141514373715
59 11.858941736739933
3845 11.847723070484104
1087 11.833283383283378
3774 11.83150183150183
2942 11.827777777777776
1873 11.7928110804022
274 11.751202306465464
3817 11.750326485109095
3517 11.675655716832186
655 11.652955074394693
1089 11.65098039215686
2769 11.638932309520545
2515 11.581017022193492
521 11.574314130506812
3200 11.572222222222221
3504 11.566666666666666
3656 11.538114329073407
779 11.51618104118104
302 11.406421356421355
284 11.39035409035409
2891 11.380590024214483
1625 11.362196689248545
1654 11.360224957487405
1814 11.315151515151516
2136 11.313346694324963
3701 11.30952380952381
4017 11.285714285714286
3762 11.254929704959991
65 11.238065264956022
3530 11.233333333333333
1364 11.21904761904762
783 11.196451231324437
92 11.155050505050507
3551 11.133333333333333
3620 11.092186202170723
1880 11.090803564577289
2044 11.090112490097919
3229 11.083427683427683
622 11.075461466637936
20 11.074675324675326
3571 11.02197802197802
1248 11.0
2349 10.92878036995684
22 10.926836029467607
536 10.922659790943987
3771 10.916666666666666
1822 10.913724021076959
3703 10.863210873022831
2096 10.858478479642667
3958 10.850980392156861
1956 10.833333333333332
731 10.80609760787063
3901 10.785714285714285
3045 10.733333333333333
3994 10.676190476190477
3163 10.6747522851698
2790 10.617532467532467
938 10.614737626531948
684 10.613969363969362
3818 10.59896214896215
2321 10.566666666666666
902 10.566505890024656
716 10.563369963369965
3832 10.558510378510379
3600 10.5
2017 10.499999999999998
1930 10.483833085602775
2935 10.450000000000003
3995 10.41904761904762
1042 10.413547265465423
1134 10.409401709401708
127 10.384992784992784
3898 10.37012987012987
4021 10.352380952380951
3725 10.344683094683097
3743 10.344683094683097
3638 10.333333333333332
4038 10.333333333333332
134 10.30877613663813
1218 10.285714285714285
1174 10.279820995997463
477 10.25
565 10.20824065289902
3519 10.183882783882785
2888 10.157219534851112
1401 10.123787056801916
1141 10.123082295279094
3527 10.085210576546789
2383 10.069321015641174
1151 10.050687994496043
3130 10.048274764451236
3356 10.034521764784923
1478 10.016783216783217
4000 9.983333333333334
722 9.945611753227853
1517 9.87471022488291
623 9.868290043290042
2670 9.85081585081585
3904 9.848484848484848
778 9.843759960843872
73 9.808008658008658
730 9.806355029406346
2861 9.749999999999998
2895 9.715079365079365
1137 9.689279982218467
222 9.671897546897547
3507 9.638095238095238
1333 9.62393166028918
1116 9.58678622257077
765 9.573433824731838
2804 9.53076923076923
837 9.52760989010989
2454 9.486336906168823
1468 9.471372732699963
2258 9.467804510157267
2450 9.452380952380953
2262 9.44900158149384
4027 9.399999999999999
281 9.370707070707072
1601 9.338007178405618
885 9.333333333333334
3241 9.31834195779429
1234 9.293817293817293
1773 9.240211107445536
3520 9.185179526355997
442 9.182361875367988
1050 9.181818181818182
4020 9.133333333333333
3522 9.113492063492062
14 9.100865800865801
1840 9.034199134199135
2770 9.010794838531385
2545 8.96031746031746
3194 8.943952391084618
2402 8.942431275743298
3478 8.932828282828282
737 8.932499899647608
2274 8.858728664045833
2251 8.804112554112553
197 8.79121989121989
1115 8.790342992940698
3425 8.755555555555555
478 8.740826617667526
1378 8.7185598996408
1764 8.676622291224815
3548 8.676190476190476
707 8.673809523809524
100 8.666666666666666
2301 8.652380952380952
3141 8.622222222222222
3493 8.572592723753713
3658 8.560437275143157
2255 8.533333333333333
3418 8.411183261183261
740 8.405433455433455
50 8.371534808948997
3614 8.369191919191918
3682 8.219047619047618
3878 8.214957264957265
85 8.203890456522036
2186 8.15308278167344
950 8.095302736479207
3789 8.066666666666666
709 8.059509941758133
123 8.024676470412286
1890 8.0
3859 8.0
1961 7.999999999999999
809 7.915834796015986
970 7.883079665432606
1928 7.86904515322038
3591 7.840551628167727
4002 7.833333333333333
3916 7.8
2019 7.751233149196752
1093 7.7108187134502915
3243 7.7019536231363075
3133 7.688095238095239
2105 7.64795008912656
3627 7.639633646841398
243 7.622222222222221
3837 7.617216117216117
904 7.566666666666666
276 7.560673311672959
2479 7.515707038997514
2779 7.514164762440624
3772 7.507936507936508
3660 7.5
2130 7.477078477078477
1438 7.416866224066553
612 7.410562476738948
2947 7.402916653824095
2678 7.40278547557587
657 7.399254364078168
3736 7.378213125672141
2652 7.354852788057965
956 7.333333333333333
1263 7.333333333333333
1915 7.325274725274725
733 7.319047619047619
3251 7.285714285714285
626 7.2480158730158735
3868 7.242302142302142
1784 7.219312905054593
2265 7.171378621378621
166 7.119047619047617
2926 7.083333333333333
194 7.0832251082251085
1708 7.069119769119769
3622 7.054639804639805
3099 7.035714285714285
2834 7.0
3452 6.972624331293062
3618 6.941037353350248
996 6.896962188138659
786 6.890476190476191
344 6.841334482510953
2025 6.8286310993148165
551 6.818031968031968
2794 6.776404884812325
295 6.702929423517659
17 6.694444444444444
3388 6.684802233078095
2141 6.6570751140545195
105 6.65667008917009
187 6.655158730158731
3574 6.65468054820996
2070 6.6242765116907
664 6.621080673712251
759 6.618588600941542
2400 6.585268443230832
3894 6.569047619047618
1869 6.567993934170405
3812 6.566666666666666
3769 6.540864873923344
1044 6.5199948083197405
2435 6.513000718866117
3908 6.499999999999999
2522 6.478926687036955
4026 6.469047619047618
1476 6.456421356421357
317 6.4523809523809526
3646 6.43374484992132
251 6.421428571428571
3428 6.412770562770562
3039 6.409560016492983
1203 6.404040404040405
2990 6.382019614372555
1933 6.324481074481074
3161 6.285714285714286
2701 6.271146228236824
3262 6.237144674659481
424 6.232461982461983
3972 6.225117366293836
28 6.214357864357864
2362 6.206872234363147
2424 6.205141057772638
3159 6.200000000000001
3644 6.199999999999999
2650 6.1922724334489025
3492 6.183802308802309
605 6.106684775492825
2513 6.096168537345008
935 6.085714285714285
929 6.0832833832833835
2687 6.0214278233959275
3986 6.019047619047619
192 6.0
3197 6.0
3863 5.973809523809524
149 5.973015873015872
583 5.948919175080163
106 5.931746031746031
3652 5.8999999999999995
54 5.8880952380952385
1489 5.8840372940019625
1039 5.834914979303983
3216 5.8
3580 5.685714285714286
108 5.675468975468975
2439 5.666666666666666
3887 5.666666666666666
633 5.651591829223408
693 5.6247892256966665
3414 5.618639542391017
615 5.5852828114438
2811 5.574603174603174
3777 5.557814407814407
3473 5.546248196248196
165 5.510497795280404
533 5.510057792280749
3632 5.5
2524 5.487154584499717
1884 5.476112945124378
588 5.440270634078684
2884 5.415151515151514
89 5.399999999999999
319 5.399999999999999
1756 5.389275103980987
3446 5.3428571428571425
1254 5.333333333333333
3754 5.284199134199134
3940 5.281818181818182
603 5.245809745809746
502 5.230115749632221
176 5.227490824038139
746 5.22142857142857
2606 5.2145904068825315
794 5.197673525305104
2816 5.185714285714286
816 5.152380952380952
2080 5.143888888888889
3439 5.133333333333332
168 5.110768763400342
843 5.0932555527012235
3587 5.090764790764791
177 5.071428571428573
998 5.065106937303734
3997 5.042857142857143
600 5.040910517071506
643 5.040910517071506
661 5.040910517071506
3290 5.035714285714286
226 5.00007215007215
453 5.0
2634 5.0
3694 5.0
1664 4.999999999999999
3976 4.983653274829745
3441 4.983333333333333
3663 4.96533074768369
1381 4.961539865277206
2651 4.955555555555555
45 4.930108780108779
3315 4.908640597448647
3250 4.8980349051414
3450 4.881935486420655
965 4.86457383149199
2886 4.852380952380953
2959 4.830036630036631
1602 4.820378122498193
1162 4.799999999999999
2703 4.784149184149184
2166 4.781890331890333
826 4.739267486899066
691 4.722222222222222
3227 4.722222222222222
2802 4.70891690582093
3531 4.685714285714285
681 4.676258828890407
3544 4.666666666666666
3678 4.666666666666666
587 4.64172512354663
330 4.611075036075036
229 4.581453634085213
2008 4.571428571428571
1463 4.522790653017133
2466 4.512091503267974
486 4.510167610167611
3654 4.50783864508027
8 4.5
91 4.5
259 4.5
3641 4.5
2051 4.436694677871149
2227 4.4297619047619055
1974 4.41764705882353
1084 4.386399563524043
1164 4.3792692404433495
1220 4.3663118771399505
3696 4.324603174603174
318 4.293522908568676
3685 4.291414141414141
3893 4.288888888888888
3083 4.283333333333334
3477 4.233333333333333
522 4.226255117431588
3905 4.2214285714285715
3778 4.221256521256521
767 4.21904761904762
3012 4.2023809523809526
77 4.166666666666666
2972 4.165101565101565
3757 4.164835164835164
662 4.160873887034877
75 4.15538466279885
3727 4.133333333333333
3988 4.116666666666666
1249 4.099219081572023
3724 4.066666666666666
1592 4.064897685368585
311 4.034313725490196
4009 4.023809523809523
219 4.0
2281 3.9523809523809526
2487 3.9523809523809526
2584 3.927321244735432
3585 3.9238095238095236
3917 3.9175324675324674
974 3.909004884004884
1057 3.9000000000000004
796 3.8666666666666663
1168 3.8523809523809525
3934 3.839075630252101
1771 3.836780372297066
3970 3.827920227920228
2452 3.827085869233577
529 3.8148243843335656
2113 3.7523809523809524
3607 3.75
870 3.733333333333333
3843 3.7246753246753244
671 3.7112646931238413
1777 3.6941258387410016
3314 3.676190476190476
611 3.6521950271950274
593 3.611837677234032
2320 3.607279648456119
3739 3.600815850815851
2908 3.574972418085513
3472 3.5668831168831163
846 3.563271815903394
278 3.5523809523809526
578 3.4677503439113346
627 3.4677503439113346
658 3.4677503439113346
659 3.4677503439113346
2050 3.4488657487311847
3631 3.4175546675546675
117 3.4166666666666665
955 3.4166666666666665
1368 3.4166666666666665
599 3.408785332314744
1838 3.3999999999999995
723 3.3969856946172734
4019 3.3857142857142852
2388 3.3666666666666667
3827 3.3666666666666663
3913 3.363774000337467
1821 3.3503371686230796
3502 3.3333333333333335
364 3.333333333333333
1038 3.333333333333333
1147 3.333333333333333
1607 3.333333333333333
1949 3.3254689754689752
3805 3.3095238095238093
650 3.285932162093153
675 3.285932162093153
1992 3.2795518207282917
16 3.2569327731092437
2917 3.254415603265673
3920 3.251875901875902
3745 3.2499999999999996
3092 3.249605296524423
3773 3.23967258794845
2175 3.2357142857142858
69 3.23435022493846
821 3.2176470588235295
632 3.1959001782531193
1354 3.1538461538461537
3217 3.115079365079365
986 3.1086802086802083
1133 3.0769230769230766
1295 3.0666666666666664
1797 3.064516129032258
2609 3.044474785070384
4 3.0
49 3.0
152 3.0
181 3.0
190 3.0
193 3.0
245 3.0
275 3.0
757 3.0
1417 3.0
1711 3.0
1713 3.0
3271 3.0
3673 3.0
3128 2.9857142857142858
266 2.9776695526695525
1748 2.9776221714302213
710 2.971493212669684
55 2.9604964090899513
1363 2.947734298475986
2801 2.922408963585434
1061 2.9151515151515155
1301 2.9
3498 2.8934547676897084
3235 2.8880131362889983
1568 2.8786811882921715
3371 2.8492174492174493
3461 2.8412698412698414
509 2.837612387612387
2514 2.8250517598343685
3447 2.821428571428571
1978 2.792085692085692
2312 2.778827338811859
1069 2.768174730058371
126 2.75
756 2.736904761904762
1319 2.692542471936064
3283 2.691941391941392
2205 2.6778224474439916
3323 2.6763555002916704
598 2.666855366855367
124 2.6666666666666665
206 2.6666666666666665
3044 2.6666666666666665
3637 2.6666666666666665
3890 2.655555555555555
1063 2.6514921848065707
972 2.62160884833807
337 2.6
2971 2.5857864357864355
762 2.58015873015873
2503 2.5787082198846902
3053 2.572222222222223
3333 2.5666666666666664
640 2.5552853579169366
3661 2.5428571428571427
3819 2.5412920412920412
1648 2.514763871556172
382 2.513576927651917
751 2.505501428396165
3996 2.5
890 2.4799087364134613
1874 2.4791649234005777
844 2.4738567044855073
863 2.466710044341623
876 2.466710044341623
881 2.466666666666667
290 2.430118947266655
68 2.4000000000000004
225 2.3714285714285714
341 2.359278905237985
491 2.3513341620539765
1788 2.3499999999999996
3423 2.3476190476190473
867 2.333333333333333
3202 2.3175405533164155
1251 2.292685092685093
3657 2.2636363636363637
1493 2.2355876701831736
2015 2.2333333333333334
3598 2.2333333333333334
24 2.228968253968254
864 2.2019664545980335
3675 2.19047619047619
283 2.1843137254901963
254 2.178066378066378
3655 2.154906204906205
390 2.1484253087938225
3063 2.1380952380952376
385 2.124852918936544
958 2.1201164010754803
2305 2.1196266827091645
3382 2.093672993672994
2066 2.0690476190476192
879 2.0666666666666664
429 2.052331002331002
307 2.0
406 2.0
1194 2.0
2527 2.0
3121 2.0
3665 2.0
3978 2.0
3999 2.0
1264 1.9999999999999998
3338 1.9818181818181817
3427 1.9818181818181817
2270 1.9671043559124057
670 1.9654193415803323
3305 1.9523809523809523
3457 1.9327868852459016
1950 1.900935502951632
2263 1.9
3923 1.9
3912 1.888311688311688
3603 1.887057387057387
861 1.8857142857142855
3436 1.872162097162097
704 1.869047619047619
3806 1.8523809523809522
2358 1.833333333333333
985 1.807936507936508
3595 1.7977133977133977
2776 1.7888888888888888
338 1.7835513692656548
1443 1.7801587301587303
3814 1.769047619047619
2444 1.754177195353666
2613 1.7514345569501644
3494 1.7333333333333334
3839 1.7333333333333332
1977 1.7301587301587302
3882 1.7222222222222223
893 1.7019664545980335
665 1.6969696969696968
300 1.6857142857142857
3735 1.675381174616116
3537 1.6666666666666665
4013 1.6666666666666665
2016 1.6549105017630787
878 1.6452814729130516
1031 1.6405594405594404
812 1.6183261183261184
3567 1.615895215895216
2746 1.6076762096348705
2021 1.5820242415642962
1853 1.5809914569238808
895 1.5666666666666667
3963 1.5666666666666667
3985 1.5666666666666667
866 1.5666666666666664
66 1.5555211594335734
3112 1.5553650887383557
93 1.5333333333333334
51 1.5
83 1.5
237 1.5
1297 1.5
3513 1.5
140 1.4936507936507937
1731 1.4666666666666668
333 1.457936507936508
2879 1.4398268398268401
505 1.430852480852481
702 1.4246031746031744
2158 1.4179781003310414
937 1.4
1200 1.4
3874 1.3731601731601732
3479 1.37012987012987
3562 1.37012987012987
3613 1.37012987012987
3649 1.37012987012987
3695 1.37012987012987
3883 1.37012987012987
689 1.3523809523809525
3630 1.3518461930226637
869 1.3341885299462373
1442 1.3333333333333333
2437 1.3333333333333333
3619 1.3333333333333333
3742 1.3333333333333333
1498 1.333029381965552
575 1.326068376068376
2900 1.3234126984126984
2528 1.3
2012 1.2979108834894026
979 1.2857142857142856
3840 1.2843434343434343
3681 1.2788885091516669
761 1.272359013535484
2695 1.244607843137255
3552 1.2397546897546898
2 1.2380952380952381
60 1.2301271827587617
1005 1.229307620484091
3481 1.227272727272727
3523 1.227272727272727
1640 1.2205128205128204
577 1.2196210222526012
347 1.2038461538461538
3308 1.202380952380952
3389 1.2
3647 1.2
3815 1.1784911365496074
3892 1.1754911754911754
1157 1.1666666666666665
3787 1.1666666666666665
4037 1.1666666666666665
1239 1.1598641263885165
3932 1.1333333333333333
791 1.1222222222222222
3465 1.117216117216117
3579 1.117216117216117
3030 1.1160597572362279
3834 1.1040404040404042
2014 1.100974025974026
3334 1.0984126984126983
340 1.0865800865800865
882 1.0738529014844804
788 1.0666666666666667
721 1.0538461538461539
3889 1.0511879336021213
3993 1.05
3755 1.0301587301587303
2182 1.028138528138528
3712 1.0199059110823816
1759 1.007936507936508
61 1.0
81 1.0
95 1.0
179 1.0
240 1.0
247 1.0
301 1.0
356 1.0
383 1.0
386 1.0
411 1.0
1353 1.0
1693 1.0
1760 1.0
1937 1.0
2178 1.0
2714 1.0
2952 1.0
2975 1.0
3751 1.0
3801 1.0
3816 1.0
1887 0.9881700965585994
2177 0.9709963978521774
3281 0.9568258027848822
162 0.9523809523809523
3788 0.9360378183907596
700 0.9338345864661655
3008 0.9300366300366301
3715 0.9156629318394024
371 0.9147869674185463
3058 0.9134682860998651
621 0.9047619047619047
3398 0.9047619047619047
3981 0.9047619047619047
3368 0.9
3606 0.8999999999999999
2699 0.896969696969697
880 0.8783993783993786
725 0.857142857142857
3516 0.8398268398268398
3541 0.8356643356643358
562 0.819047619047619
10 0.8129086605402396
3977 0.8046398046398047
2094 0.8
832 0.7999999999999999
221 0.7984848484848485
2982 0.7967032967032968
690 0.7751324389404886
2013 0.7718432444748233
2898 0.7532467532467533
808 0.7454146730462521
3370 0.7373737373737373
129 0.7333333333333334
167 0.7333333333333334
530 0.7333333333333334
1186 0.7300530738611235
706 0.7176670313664635
1802 0.7124577748719626
3973 0.711111111111111
2496 0.6914480022625934
3795 0.6895604395604396
2245 0.6857142857142857
97 0.6666666666666666
155 0.6666666666666666
157 0.6666666666666666
174 0.6666666666666666
182 0.6666666666666666
253 0.6666666666666666
270 0.6666666666666666
384 0.6666666666666666
399 0.6666666666666666
441 0.6666666666666666
501 0.6666666666666666
552 0.6666666666666666
790 0.6666666666666666
1002 0.6666666666666666
1105 0.6666666666666666
2106 0.6666666666666666
2548 0.6666666666666666
2998 0.6666666666666666
3954 0.6666666666666666
235 0.65
1865 0.6493506493506493
3708 0.63003663003663
3975 0.63003663003663
381 0.6172161172161172
3367 0.6061085685227561
1905 0.604040404040404
298 0.5858585858585859
2852 0.574246936638241
2256 0.5714285714285714
268 0.5682880557022434
2568 0.5668385536032594
151 0.5555555555555556
2493 0.5535714285714286
628 0.5462184873949579
2632 0.5333333333333333
2963 0.5333333333333333
27 0.5
294 0.5
884 0.5
1510 0.5
2422 0.5
3310 0.5
3375 0.5
3429 0.5
3444 0.5
3588 0.5
3849 0.5
3953 0.5
582 0.493430546062125
4018 0.4857142857142857
3352 0.4776556776556776
3122 0.4722222222222222
3218 0.4722222222222222
3354 0.4722222222222222
380 0.4633699633699634
2580 0.4455128205128205
36 0.4444444444444444
928 0.4444444444444444
2599 0.4433086227942539
715 0.42717086834733886
1439 0.41437769731758783
365 0.4091269841269841
3094 0.4057759784075573
466 0.40384615384615385
1924 0.40336134453781514
6 0.4
147 0.4
894 0.4
1996 0.4
2565 0.4
2621 0.4
2774 0.4
3055 0.4
3074 0.4
3127 0.4
3270 0.4
3749 0.4
3848 0.4
3925 0.4
672 0.3910256410256411
1490 0.3803364776816104
3783 0.36363636363636365
250 0.3538461538461538
1506 0.3439798969520332
79 0.3402212602212602
3857 0.3356643356643357
263 0.3333333333333333
296 0.3333333333333333
872 0.3333333333333333
874 0.3333333333333333
1474 0.3333333333333333
3143 0.3333333333333333
3952 0.3333333333333333
3991 0.3333333333333333
4011 0.3333333333333333
3311 0.3205128205128205
735 0.3111111111111111
3581 0.30952380952380953
3594 0.3095238095238095
208 0.3033307907449784
2692 0.3
164 0.2857142857142857
289 0.2857142857142857
2481 0.2857142857142857
2732 0.2857142857142857
2930 0.2857142857142857
3126 0.2857142857142857
3131 0.2857142857142857
3180 0.2857142857142857
3181 0.2857142857142857
3322 0.2857142857142857
3781 0.2857142857142857
3946 0.2857142857142857
349 0.25
886 0.25
1022 0.25
1111 0.25
3266 0.25
3424 0.25
1631 0.2222222222222222
2799 0.2222222222222222
139 0.2
3766 0.2
3936 0.2
576 0.18181818181818182
595 0.18181818181818182
2252 0.18181818181818182
3865 0.18181818181818182
2230 0.16666666666666666
2798 0.16666666666666666
3876 0.16666666666666666
1892 0.15692307692307694
3666 0.15592203898050974
1579 0.15384615384615385
3668 0.15384615384615385
2899 0.14285714285714285
3639 0.14285714285714285
3871 0.14285714285714285
3919 0.14285714285714285
3175 0.125
3928 0.125
288 0.0625
1414 0.05128205128205128
1775 0.041666666666666664
2442 0.023809523809523808
11 0
12 0
15 0
18 0
32 0
33 0
35 0
37 0
42 0
43 0
44 0
46 0
47 0
52 0
63 0
70 0
71 0
74 0
76 0
78 0
86 0
90 0
102 0
110 0
112 0
114 0
131 0
135 0
138 0
145 0
153 0
154 0
160 0
183 0
191 0
195 0
201 0
205 0
207 0
209 0
210 0
215 0
216 0
218 0
220 0
228 0
233 0
234 0
241 0
244 0
255 0
256 0
262 0
264 0
267 0
273 0
279 0
282 0
286 0
287 0
292 0
293 0
305 0
306 0
309 0
316 0
321 0
327 0
328 0
335 0
336 0
358 0
377 0
379 0
393 0
401 0
443 0
447 0
448 0
454 0
467 0
468 0
476 0
485 0
499 0
550 0
571 0
572 0
581 0
585 0
586 0
602 0
607 0
608 0
613 0
624 0
638 0
642 0
648 0
652 0
656 0
660 0
667 0
668 0
673 0
674 0
692 0
699 0
717 0
743 0
744 0
749 0
750 0
775 0
785 0
801 0
802 0
841 0
851 0
852 0
854 0
855 0
858 0
859 0
865 0
868 0
873 0
875 0
877 0
883 0
887 0
888 0
891 0
892 0
899 0
910 0
911 0
918 0
945 0
1016 0
1027 0
1034 0
1046 0
1065 0
1071 0
1096 0
1119 0
1145 0
1176 0
1206 0
1208 0
1224 0
1233 0
1252 0
1253 0
1262 0
1270 0
1276 0
1326 0
1346 0
1362 0
1372 0
1383 0
1386 0
1394 0
1395 0
1403 0
1430 0
1455 0
1466 0
1486 0
1521 0
1546 0
1558 0
1560 0
1581 0
1586 0
1627 0
1651 0
1657 0
1690 0
1755 0
1762 0
1776 0
1834 0
1854 0
1856 0
1967 0
1969 0
2079 0
2100 0
2167 0
2168 0
2195 0
2204 0
2219 0
2269 0
2375 0
2380 0
2382 0
2431 0
2441 0
2457 0
2470 0
2483 0
2505 0
2517 0
2541 0
2569 0
2595 0
2596 0
2671 0
2691 0
2704 0
2721 0
2722 0
2736 0
2740 0
2767 0
2788 0
2792 0
2808 0
2814 0
2817 0
2824 0
2838 0
2842 0
2855 0
2857 0
2860 0
2885 0
2902 0
2922 0
2980 0
3003 0
3006 0
3031 0
3037 0
3059 0
3071 0
3091 0
3125 0
3134 0
3147 0
3183 0
3230 0
3268 0
3282 0
3317 0
3336 0
3372 0
3376 0
3401 0
3407 0
3408 0
3413 0
3445 0
3451 0
3453 0
3467 0
3489 0
3560 0
3565 0
3570 0
3572 0
3575 0
3582 0
3589 0
3597 0
3650 0
3653 0
3669 0
3676 0
3686 0
3688 0
3689 0
3691 0
3699 0
3700 0
3704 0
3709 0
3716 0
3717 0
3729 0
3732 0
3733 0
3744 0
3746 0
3748 0
3765 0
3798 0
3807 0
3808 0
3811 0
3813 0
3820 0
3844 0
3846 0
3853 0
3854 0
3856 0
3864 0
3875 0
3879 0
3885 0
3897 0
3899 0
3910 0
3911 0
3922 0
3935 0
3939 0
3942 0
3955 0
3959 0
3965 0
3974 0
3983 0
3984 0
3987 0
3990 0
3992 0
4001 0
4003 0
4005 0
4006 0
4007 0
4008 0
4010 0
4012 0
4015 0
4016 0
4022 0
4024 0
4025 0
4028 0
4029 0
4032 0
4033 0
4034 0
4035 0
4036 0
